0.13444642740307997 0.5234728308470222
0.13501363409883674 -0.5231382469050597
0.16009403451556 0.5027524875058519
0.16009403451556 -0.5038496962263747
0.18450858359378616 0.48679725854613876
0.18450858359378616 -0.48687821064502323
0.20892313267201232 0.47185828620806347
0.20892313267201232 -0.4720408639691117
0.23333768175023853 0.4582404474781172
0.23333768175023853 -0.45832139957700135
0.25520677628301025 0.4450817631684615
0.2667156467515216 -0.4396868084212343
0.28161190379127665 0.4343489560044138
0.3065813289849171 0.4187080648964077
0.3065813289849171 -0.41828088868447255
0.33099587806314323 0.40305771292318593
0.33099587806314323 -0.40293541369774155
0.3554104271413694 0.3857813503553436
0.3554104271413694 -0.3851509228190805
0.37982497621959554 0.36474483828744153
0.37982497621959554 -0.36543554435930725
0.4042395252978217 0.3418790643005915
0.4042395252978217 -0.34287464735894824
0.4275443221452194 0.3168385011434366
0.426434569914391 -0.31854094714084347
0.4464101100693033 -0.2946927917530767
0.4486296145309602 0.29244382552803366
0.46416614576255866 -0.2707204272226652
0.46749540245504406 0.2660028042875606
0.4819221814558141 -0.2443703448187713
0.484141685917471 0.2417487511657947
0.4952392082257556 -0.22376937130299945
0.498568464918241 0.21599309823027135
0.5096659872265257 -0.1948907456381257
0.5118854916881826 0.1907786422734139
0.5218732617656388 -0.16966386876700368
0.5229830139964672 0.16730311431358114
0.531861031843095 0.14485231178056646
0.531861031843095 -0.14523814086593945
0.5407390496897226 0.11746419582742818
0.5396292974588942 -0.12166945604912305
0.5485073153055219 -0.09152389712927422
0.5510527698509765 0.08329905160996687
0.5557530461566339 -0.06111749900987162
0.5562755809213211 0.045640259093177704
0.5596048376138065 0.011381958018732874
0.5587563527653217 -0.026691196197919154

0.13050064169346767 0.0024154774528487577
0.13345998097567688 0.0668800224854057
0.13235022874484842 0.03683693610823846
0.13150174389636357 -0.03307270706373622
0.13198031133457225 -0.05968298987730736
0.13456973320650537 -0.08850561496301179
0.13678923766816228 0.0998575498575518
0.1390087421298192 -0.11533478977424927
0.14122824659147612 0.1283635480944917
0.14344775105313304 -0.14439972915308996
0.14566725551478996 0.15463378176382847
0.14899651220727536 -0.17346466853193065
0.15121601666893228 0.18202189771696675
0.1567647778230746 -0.2033680196236225
0.1578745300539031 0.20646625698942755
0.16564279566970233 0.23344448277183882
0.16564279566970233 -0.23355084128626458
0.1756305657471585 0.2611679634101176
0.17452081351633 -0.2584237221008494
0.18339883136295768 -0.2827376617735332
0.18672808805544308 0.290009326332198
0.19449635367124232 -0.30723791516018417
0.19782561036372773 0.31370843074879123
0.2067036282103554 -0.3335454115723143
0.2100328849028408 0.33964329973298757
0.21891090274946848 -0.35661104936141996
0.22334991167278237 0.3647956511185228
0.23222792951941004 -0.3817634007469549
0.23666693844272393 0.38864380650628955
0.2455449562893516 -0.4057978698486885
0.24998396521266544 0.41286458932199016
0.26060292008274144 -0.43357948036572436
0.26411410568062366 0.43895678988686965
0.27470374899971384 0.4618650960952922
0.2775984055804692 -0.46598443907860754
0.287128323594692 0.48807251542677726
0.2890218779725514 -0.4944088851413192
0.2965612175567339 0.5173051371481883
0.2962676088236633 -0.5207442753780546
0.30214232006160324 0.547962899083977
0.30214232006160324 -0.547955233605454

